0.312294 0.905164 -32.7599
-1.13961 3.1319 -35.1556
1.93881 6.82378 -42.1511
2.13249 6.83433 -42.9438
7.48028 4.01154 -41.4628
1.08147 -2.1435 -39.5678
0.103554 1.20822 -34.7287
-13.4988 9.52021 -83.023
5.80161 -2.13026 -30.9921
9.80973 14.0653 -65.8249
-0.146973 4.62474 -43.2663
1.18441 18.4468 -86.3516
1.33955 17.9837 -85.1829
9.96276 14.0559 -66.0461
-0.535279 4.6556 -41.7392
6.66241 -6.02065 -31.1946
2.77799 6.55585 -39.7313
8.56384 4.67345 -40.9877
-2.61495 -5.45031 -31.8058
6.39424 2.47384 -40.4276
-3.16398 14.9355 -76.6063
8.96986 4.91902 -42.2182
6.63777 2.3613 -40.7586
-13.9808 7.30736 -66.2396
6.06027 2.57333 -39.3295
6.87856 2.0971 -40.526
-0.395942 -1.48703 -39.9394
3.61979 17.6368 -83.4775
-5.05136 8.3114 -65.3721
6.14219 4.71212 -41.8682
5.20434 -4.93932 -34.7287
3.68112 5.95636 -40.984
6.41032 -2.08237 -30.406
0.468146 5.79819 -42.9325
-0.632121 2.72857 -36.3232
-12.0081 0.301634 -53.4625
-7.53291 3.2519 -63.7581
1.0637 5.43385 -44.7303
-18.2578 8.22483 -71.7246
-3.00092 4.02685 -45.5577
-19.4874 14.2455 -75.4159
-1.91806 -2.02975 -31.5492
5.21105 6.75586 -45.5631
-11.8141 0.374918 -52.5465
-6.81102 12.4415 -78.3364
-1.19474 2.58422 -34.6183
-19.2922 14.2557 -74.4842
-11.0994 9.6702 -74.5874
-0.829965 2.05637 -34.0882
7.81796 -4.19974 -32.2803
-39.3725 37.8215 -184.626
-2.71448 -1.43755 -31.9378
3.1311 4.32968 -41.4375
7.11295 -2.21069 -30.3462
-16.8659 -0.309229 -50.9786
9.74169 20.0799 -94.3003
-5.18303 12.9752 -77.415
5.87405 1.50623 -40.5867
-1.15794 2.65609 -34.7246
2.2516 -4.87431 -35.2702
-16.9369 -0.248561 -51.1417
-18.4175 13.177 -71.5678
3.23178 4.03726 -42.9887
7.02483 -4.26492 -30.4222
-62.297 37.7811 -172.882
-1.48442 11.0874 -68.8284
6.71748 -1.81661 -29.7339
-3.69497 13.1902 -76.1815
5.71199 -1.63426 -33.8948
3.66107 6.29771 -39.7796
7.23764 -4.18345 -30.9794
-4.39789 18.6749 -89.1568
2.5991 5.93108 -38.9534
-13.6184 13.2123 -83.6923
10.2627 7.51346 -53.0293
-7.66073 12.0161 -74.8816
-4.7948 -0.63717 -34.873
-2.39847 10.8987 -69.3713
4.13997 15.1879 -74.7754
-3.83985 12.6123 -76.0356
-17.5656 13.7538 -69.8857
-10.0871 4.34529 -69.6548
-0.900396 -2.09547 -39.7025
-14.2121 1.64572 -57.4757
-8.4843 6.72082 -65.8132
-3.76356 7.79418 -61.8985
-11.1592 14.6191 -77.7384
-6.10114 4.74283 -69.6338
-4.83724 7.26831 -66.3327
5.76664 3.98343 -41.4355
-10.7936 7.42626 -74.6196
-22.2655 13.0358 -70.5655
-0.0501471 12.2804 -76.9127
9.75826 3.72215 -38.4369
1.16751 0.0673361 -32.8217
-13.9903 1.65754 -56.4125
-13.7176 7.576 -77.6084
4.62182 15.8859 -79.0015
7.96364 11.1023 -61.6783
2.25034 7.14739 -41.0758
-4.96825 7.59787 -67.3836
-18.4478 0.928005 -53.4157
8.76234 2.93385 -37.4592
-7.90819 4.09835 -60.4649
5.42133 3.66576 -41.6888
-3.86178 20.5012 -98.7596
4.68021 8.56617 -50.5472
-0.165559 2.76327 -33.5905
-3.30101 -1.61843 -31.8776
-15.4859 6.20795 -57.7163
2.97129 5.79344 -38.6048
5.45504 1.61872 -41.6845
-15.4999 6.21456 -57.3288
-5.96954 12.614 -74.7136
-6.76522 4.56238 -62.2212
-4.70834 -1.05045 -36.3464
2.83117 7.16144 -41.1849
-22.1636 12.0839 -75.5162
3.17929 15.1688 -77.0862
-1.24108 1.70981 -35.7892
-18.4548 10.496 -65.1793
-35.7408 36.4457 -176.718
4.49935 0.104032 -36.1969
4.20557 8.764 -48.2561
-4.04917 -4.80128 -34.3686
2.77023 5.6573 -40.4074
3.03023 14.814 -76.4585
-3.76098 14.4896 -77.6129
-19.5679 14.2232 -73.1171
10.4138 11.5056 -69.2579
-0.302543 2.69648 -32.4991
-14.3469 15.8011 -86.7488
-11.2605 0.595275 -55.7853
5.56321 4.99698 -40.9811
-3.86391 8.44781 -61.258
-1.5229 1.88131 -38.6293
-3.95444 14.6158 -79.4667
-13.654 15.1581 -81.9306
-18.4239 14.5222 -75.3503
-65.3601 37.372 -181.637
-12.5634 11.7799 -80.6935
5.75604 -3.21384 -37.2563
-16.0224 0.520685 -50.911
-17.8315 0.414825 -52.0038
-21.8088 12.3098 -69.7699
5.64754 -3.35076 -34.3
9.40587 13.9538 -69.6458
5.21853 -3.63326 -33.7615
4.33548 1.14812 -45.6359
-20.9329 10.4016 -68.9942
-5.96016 -1.02364 -37.1893
-5.64352 23.4615 -103.095
-11.4838 4.58611 -52.8247
1.05304 -1.66428 -41.6007
6.83814 7.11834 -46.3218
-15.5524 0.367589 -50.6137
-2.34876 9.75789 -63.0131
-4.01079 12.4384 -77.6667
-6.10858 15.1263 -77.6673
-5.28246 15.2816 -81.0914
-1.2031 2.17238 -35.5829
0.245953 2.05513 -31.9501
-12.6291 1.60283 -56.1974
-14.6203 3.70684 -56.5004
-0.930099 17.7422 -86.4397
-49.4175 47.9505 -207.27
-4.28859 15.3742 -80.0303
5.35815 5.02144 -43.9763
5.76224 2.28053 -39.4428
5.18266 7.79047 -46.2609
9.4279 2.76917 -37.7239
8.84067 1.28201 -35.2213
-14.569 12.4234 -85.9366
4.7113 1.77039 -39.7873
1.60929 4.88433 -39.2395
2.40315 6.41371 -42.592
6.33523 -5.87663 -31.2989
-0.0611567 -2.40249 -39.637
-7.14189 8.54519 -71.5718
-1.29869 7.87424 -62.2281
-10.3474 12.5905 -80.0058
-5.01942 6.99607 -67.1021
5.51744 4.47126 -41.2091
-11.7435 1.23229 -54.2801
4.28171 2.49174 -44.4954
5.84726 8.54831 -50.028
-0.164966 -0.507808 -33.3401
6.94366 -5.76009 -30.9138
9.01377 4.10851 -41.7151
5.57155 1.08818 -44.0218
9.89473 17.2628 -82.0465
6.07746 -5.86058 -30.7901
3.72838 2.63702 -45.0077
5.78217 8.94725 -53.4017
-3.67765 -2.84988 -32.5179
-4.68563 -3.98127 -37.247
-2.87056 -0.855591 -31.3465
-7.76991 3.10836 -50.5544
4.42927 5.59074 -45.4967
6.89072 -4.34288 -28.6321
0.265686 4.96702 -42.8112
-2.48157 9.31917 -63.9776
5.58025 -4.63436 -34.7278
-15.1651 10.446 -78.0059
6.42178 -0.974974 -32.7291
-12.4694 3.9068 -54.9489
-1.05756 15.6784 -79.7939
-1.36574 -6.56091 -35.2434
6.0909 1.79989 -39.7571
5.95771 1.06095 -39.5631
-12.236 3.43872 -56.6663
-4.61184 -3.84392 -37.1477
-0.882489 16.5538 -82.2619
-0.552978 2.65553 -33.4805
-1.89237 15.9259 -77.8491
-2.90279 13.3997 -75.3264
3.00619 -3.43391 -33.4981
-7.95187 7.52568 -76.0817
-17.7549 9.68168 -76.77
0.796598 1.72142 -32.7335
-1.95792 8.34506 -62.3494
-2.09928 -4.95542 -31.8174
-17.1278 9.15363 -65.0161
6.32797 -3.59837 -30.8846
-6.05975 6.96082 -68.7143
-19.6463 7.4719 -77.4479
-11.2952 4.31864 -66.7333
-0.939003 -0.949349 -30.3832
-6.63009 10.2484 -71.5942
0.272522 -3.55897 -40.1779
-4.28767 -3.52458 -36.4544
-7.1734 6.47679 -70.692
1.69337 -0.363925 -37.576
-0.0679676 -0.525558 -33.6723
-13.5093 3.6361 -54.6475
1.03536 -0.510805 -32.4538
6.93539 -1.6881 -28.6448
-20.7403 11.4038 -67.9736
-0.156045 -0.73827 -33.219
6.44171 2.7979 -36.7622
-13.1016 1.38345 -44.1949
-24.0553 15.11 -78.2298
-1.78459 7.11591 -54.9997
-16.156 -0.0955382 -50.1345
-51.5818 34.6234 -168.685
-13.7224 0.42183 -51.8073
-3.36455 -1.34892 -23.8192
-58.1212 31.9986 -162.189
7.46748 -1.9314 -31.4034
-15.596 4.01378 -55.8886
1.79344 3.69616 -38.3743
-14.1939 1.75103 -55.5151
8.49905 0.763132 -36.1363
2.49409 0.778157 -41.8066
-1.5859 12.8392 -76.5653
-55.4442 38.5643 -183.642
2.55703 5.07088 -39.6915
9.23783 2.24721 -37.8749
-14.7847 15.6705 -83.7819
6.50276 5.50958 -40.2263
-0.577135 1.28554 -33.6087
-56.0765 35.6364 -158.062
9.0011 5.77677 -45.844
-8.3618 11.0267 -78.8155
-15.1414 15.7136 -84.5704
-12.1519 2.10821 -59.5281
-59.7138 34.0298 -168.858
-51.3387 40.3355 -178.721
-41.8595 24.0768 -126.853
3.51331 20.2902 -86.7771
-0.380171 16.9825 -80.0388
0.325009 -0.247787 -36.6974
8.62249 -0.350754 -35.8803
6.86015 -4.08645 -31.5005
-49.9725 52.8647 -233.571
