-17.2747 -13.1333 28.103
-20.1886 -11.7798 35.3291
-15.5917 -14.2056 35.6445
-20.3902 -12.0821 35.94
-21.8556 -13.2989 34.6645
-24.2412 -14.856 52.7116
-11.4522 -19.1075 27.786
-24.2201 -14.949 52.8807
-22.215 -13.9081 35.8178
-37.0101 -17.8447 62.7574
-20.9955 -17.7713 33.3978
-37.4965 -17.864 63.3833
-14.7415 -13.7912 36.4046
-34.0726 -19.9155 40.7077
-19.5797 -12.8751 30.6585
-35.097 -21.4228 48.2408
-15.9933 -15.0807 34.7471
-34.1232 -18.3032 49.7219
-15.6562 -15.4748 34.8965
-15.9524 -15.3178 35.0306
-16.8363 -13.6846 35.7537
-34.9961 -17.6866 62.2331
-15.755 -14.5599 33.8783
-14.3395 -19.3264 30.3404
-18.3553 -12.1598 34.7444
-33.5963 -19.5641 40.1121
-36.8726 -17.0936 56.8958
-19.192 -14.589 27.0312
-16.9416 -19.2086 30.3508
-21.6199 -12.8485 35.6704
-40.8425 -19.752 54.0294
-35.918 -19.0521 38.0425
-39.6162 -19.2245 57.1308
-11.0035 -17.9792 28.7696
-36.0149 -19.0522 38.1343
-45.1197 -15.8299 52.092
-18.5647 -15.671 44.3025
-34.8084 -19.6322 69.4749
-82.4336 -23.7707 85.8822
-18.741 -12.5838 28.9489
-78.1972 -27.9641 96.2557
-10.8532 -17.4229 27.6628
-38.3553 -18.6621 56.9419
-18.9884 -13.6822 35.016
-38.6345 -22.2051 51.3154
-43.7692 -15.7432 50.5985
-19.5868 -14.5078 36.1517
-37.0525 -18.218 56.539
-21.266 -18.1518 33.1472
-45.0832 -19.797 58.6729
-33.1052 -17.57 52.5637
-21.9871 -14.8448 28.9359
-36.7928 -19.9868 42.8637
-34.3366 -19.4247 50.3682
-32.047 -17.6481 47.7835
-46.8722 -17.4475 52.0544
-38.9666 -18.3932 54.9308
-36.2844 -22.2728 52.1561
-43.271 -21.9596 55.2387
-41.8734 -17.1529 55.8216
-34.7855 -19.5002 50.9837
-36.2781 -19.6512 42.212
-34.063 -19.9968 47.4078
-37.0833 -18.5863 56.4115
-42.7694 -14.8548 49.768
-19.4849 -11.1158 34.592
-16.9391 -14.1239 35.3874
-40.7097 -21.4259 54.1528
-32.7951 -17.6213 59.8588
-33.8753 -17.8272 52.7073
-37.6622 -18.7735 39.3225
-19.5962 -14.6696 26.8952
-35.0588 -19.3775 57.7222
-17.843 -11.3515 32.8812
-37.9191 -18.0215 55.1952
-18.0069 -11.829 28.6548
-13.7696 -17.807 30.0519
-17.3101 -16.2254 35.557
-17.3269 -14.472 35.531
-44.5431 -17.8911 57.6553
-18.8001 -12.1463 34.188
-31.8746 -16.9227 47.354
-46.3881 -18.8517 60.1954
-32.9289 -17.5158 58.0589
-35.4141 -18.4909 38.1595
-13.8646 -17.8189 29.5783
-37.5717 -17.7055 57.356
-16.8916 -13.0745 35.0182
-75.7239 -27.3133 94.463
-33.0508 -17.4576 58.4507
-21.2407 -14.3853 32.231
-36.8142 -18.7495 38.5162
-44.8877 -15.5428 48.7578
-40.9475 -16.6304 46.9295
-38.3128 -18.1886 58.398
-44.952 -15.9725 52.7916
-19.7992 -13.4913 30.1669
-15.061 -18.7816 32.317
-19.9177 -17.9801 38.258
-35.0494 -18.5588 38.067
-16.9513 -11.8272 27.4601
-11.0791 -18.7963 27.6006
-19.6809 -13.0274 30.0189
-36.6664 -18.0929 42.1374
-18.3881 -14.1683 37.1767
-11.5526 -14.2827 31.1313
-37.7515 -19.2242 57.3528
-84.5577 -26.6777 101.029
-18.2786 -13.3553 39.0837
-38.8075 -18.2801 62.9944
-20.6244 -18.4632 33.2402
-46.2594 -20.9358 59.6987
-30.3868 -17.8515 62.613
-12.2624 -13.9701 33.1151
-35.9297 -20.3215 51.5897
-18.2521 -11.8548 28.5148
-21.7235 -13.4848 35.5621
-14.4729 -14.3006 36.0375
-20.1599 -15.9145 27.3342
-30.5714 -17.8751 48.4759
-19.4602 -16.437 37.4271
-42.1566 -19.3675 57.3131
-20.0357 -12.3166 35.729
-17.0325 -15.338 34.0359
-17.9056 -14.5289 28.4831
-14.03 -19.0866 30.3813
-37.3819 -17.8359 60.6254
-19.0375 -15.6034 31.1025
-15.5194 -17.3646 29.0734
-19.7656 -14.2011 38.1324
-19.5202 -12.6818 38.7843
-37.2989 -21.2209 52.5835
-17.8492 -14.6846 28.4
-17.0317 -13.6077 35.1828
-12.3785 -15.1762 28.9191
-19.0415 -13.8601 26.5509
-21.2556 -18.2016 28.7011
-16.8853 -12.4527 28.146
-31.1956 -15.8415 34.1768
-44.127 -19.9053 55.0938
-17.9801 -14.6756 28.7491
-36.6641 -17.6919 59.1829
-16.5793 -14.2854 27.9768
-31.0461 -17.5018 48.4222
-20.6367 -13.4802 41.5371
-45.0748 -19.8509 53.7877
-31.981 -17.2524 49.3432
-12.4889 -14.4708 33.1966
-34.447 -19.0975 39.2392
-19.6873 -20.2781 29.7931
-36.2768 -17.8418 56.1971
-45.6967 -18.012 58.4267
-48.5694 -16.054 53.1398
-35.8918 -18.7429 57.1989
-34.8574 -17.6157 41.5547
-36.3208 -20.4895 44.585
-28.1214 -15.9682 43.6434
-18.6496 -12.3605 33.6342
-80.6147 -24.5215 90.9286
-18.3338 -13.0706 28.6185
-12.056 -15.9651 31.6216
-36.5098 -16.8321 57.8718
-36.3313 -16.8449 59.4657
-14.2576 -13.4074 31.9902
-46.1286 -18.1976 58.794
-36.0557 -19.2613 41.5678
-36.1862 -16.7673 64.0737
-78.284 -22.1262 81.988
-36.9781 -17.5689 41.518
