103.846077 368.291199 1.000000
478.859100 132.823944 1.000000
361.656891 85.167473 1.000000
101.648552 301.552338 1.000000
359.511627 279.672821 1.000000
394.487457 102.621201 1.000000
68.969955 290.805847 1.000000
474.269257 217.510025 1.000000
319.852295 22.599489 1.000000
74.497459 379.961639 1.000000
25.490044 241.303802 1.000000
623.868530 86.843498 1.000000
391.636353 184.463669 1.000000
273.208313 91.967232 1.000000
553.783569 9.854393 1.000000
513.541321 206.433105 1.000000
64.624802 369.063049 1.000000
281.150391 164.428146 1.000000
524.680542 56.296700 1.000000
8.509353 214.620728 1.000000
349.944519 70.074364 1.000000
517.829346 47.505127 1.000000
400.492950 166.496887 1.000000
606.032349 217.735855 1.000000
533.117676 132.958160 1.000000
610.753845 67.220116 1.000000
69.508942 409.646606 1.000000
311.160828 90.144875 1.000000
101.183601 92.607567 1.000000
101.183601 92.607567 1.000000
524.050354 42.828411 1.000000
145.910248 135.718903 1.000000
279.183472 275.367432 1.000000
12.593421 14.075631 1.000000
196.011642 218.421829 1.000000
47.427132 187.381989 1.000000
238.189194 40.671429 1.000000
221.173599 105.433327 1.000000
122.327087 85.330971 1.000000
283.752716 154.517532 1.000000
453.138062 106.393860 1.000000
299.908905 171.126556 1.000000
22.130487 153.384933 1.000000
145.603607 271.478607 1.000000
136.991272 245.372665 1.000000
539.516541 205.466827 1.000000
290.681305 244.181839 1.000000
313.954163 158.527893 1.000000
23.352839 13.945609 1.000000
146.474289 288.026825 1.000000
23.435740 300.478027 1.000000
33.389568 313.446960 1.000000
437.592804 105.236549 1.000000
146.664139 293.163483 1.000000
196.036591 124.295258 1.000000
145.587173 280.407532 1.000000
388.492401 136.802704 1.000000
18.659992 104.613403 1.000000
18.869862 155.463150 1.000000
99.153999 84.861885 1.000000
298.503876 235.351334 1.000000
147.037552 137.104645 1.000000
351.117035 362.586121 1.000000
377.680695 426.894196 1.000000
15.947288 121.904778 1.000000
351.854706 311.799713 1.000000
