373.465515 84.940598 1.000000
373.465515 84.940598 1.000000
315.105286 131.354218 1.000000
80.658707 26.793766 1.000000
553.243103 59.017715 1.000000
592.451416 58.774197 1.000000
386.431183 172.378098 1.000000
429.406464 56.765022 1.000000
372.454803 290.968475 1.000000
105.263840 379.684021 1.000000
422.674988 271.999512 1.000000
291.530243 106.365204 1.000000
55.021805 308.020996 1.000000
87.604965 377.691376 1.000000
114.653946 317.137238 1.000000
509.924957 227.510727 1.000000
500.210938 235.184402 1.000000
302.369659 113.505539 1.000000
302.369659 113.505539 1.000000
31.160357 314.632477 1.000000
16.251511 105.183784 1.000000
16.251511 105.183784 1.000000
28.556831 207.837219 1.000000
329.773651 193.369553 1.000000
214.412979 216.464096 1.000000
183.096283 124.051918 1.000000
330.346558 177.221298 1.000000
631.171082 71.615837 1.000000
308.480682 163.930984 1.000000
308.480682 163.930984 1.000000
308.480682 163.930984 1.000000
308.480682 163.930984 1.000000
308.480682 163.930984 1.000000
308.480682 163.930984 1.000000
80.384407 149.946777 1.000000
264.200775 226.827255 1.000000
147.043716 83.183006 1.000000
300.009705 208.046616 1.000000
99.472580 157.619339 1.000000
256.593811 74.496338 1.000000
212.093903 42.884350 1.000000
303.108551 274.969666 1.000000
259.479645 88.200806 1.000000
239.494339 96.329857 1.000000
155.315674 307.318024 1.000000
155.315674 307.318024 1.000000
84.602036 142.293274 1.000000
239.494339 96.329857 1.000000
296.815979 133.005768 1.000000
105.669548 59.291695 1.000000
28.302422 14.420627 1.000000
623.847229 218.098312 1.000000
320.089966 198.630661 1.000000
407.192902 117.822975 1.000000
343.586029 65.497505 1.000000
403.709412 134.215378 1.000000
407.192902 117.822975 1.000000
242.968201 72.897926 1.000000
311.392487 150.813660 1.000000
30.602940 84.128944 1.000000
30.602940 84.128944 1.000000
58.568794 364.583374 1.000000
317.086945 144.653656 1.000000
407.192902 117.822975 1.000000
51.045025 137.332230 1.000000
621.628540 188.100281 1.000000
